1.298428311707727489e-01
1.378799833909122863e-01
1.418642809862752652e-01
1.458584716302053497e-01
1.283710043217951013e-01
1.208356875477286513e-01
1.132858583613006870e-01
1.050201279158072265e-01
1.088458001037960476e-01
9.923798885380528956e-02
1.140203908007688532e-01
1.167024334504942473e-01
1.255929173193264525e-01
1.336497656168567916e-01
1.311114760933246859e-01
1.373591619374253114e-01
1.313464797886156332e-01
1.207997751514377910e-01
5.683350224084666724e-01
2.038504700980043050e-01
2.930853829229457252e-01
6.059168948473934169e-01
7.062762523508678836e-01
5.174558308869376955e-01
6.748837031031408307e-01
7.606445121701054246e-01
8.804559356899767097e-01
5.730688605782747747e-01
7.288404887063867355e-01
3.784371333850511387e-01
6.824207784612936756e-01
9.264814901149474036e-01
1.032689473930774593e+00
5.545389162945307815e-01
7.296313090727757356e-01
3.502311322117908632e-01
9.512854313133589645e-01
8.186142629518163849e-01
9.799281930574442745e-01
9.947366682155868167e-01
9.897746679673951054e-01
1.051964465964232653e+00
1.159561993092241616e+00
1.017087713180472086e+00
1.011907458506130064e+00
9.607567278053509296e-01
1.043258961965003673e+00
1.026627133980890116e+00
1.125798915211988493e+00
1.176076071075002005e+00
1.074028641867095235e+00
1.068274844083858532e+00
1.191868934208741404e+00
1.050682058041815248e+00
1.043099069769953591e+00
9.911924980769195592e-01
1.032747758874881461e+00
1.101897427824811704e+00
1.161156086809442378e+00
1.116805417743281348e+00
1.129313887541550487e+00
1.229105559969986272e+00
9.241583504158220608e-01
9.601324478110613292e-01
9.611895401085449597e-01
9.162203197965936852e-01
1.059161191334535568e+00
1.030899278334602931e+00
1.165247049695118164e+00
9.793087539908432726e-01
1.062317124747033770e+00
1.115343875467295298e+00
7.192265841128944182e-01
8.184286180480694339e-01
1.021469529889170058e+00
8.604977428069124912e-01
1.053114262873635187e+00
1.069159671887367713e+00
1.195396379318547808e+00
1.103344832175357393e+00
1.173949105012193295e+00
9.886649205945519103e-01
9.098406425392620012e-01
9.951979928872675130e-01
8.807592088974895983e-01
9.688675837782920741e-01
1.020445223993520223e+00
1.150531730572027511e+00
1.123143496542078346e+00
1.055913569348380099e+00
9.825366787299762983e-01
7.260154714846034363e-01
8.154531476947219915e-01
8.770199411062643557e-01
8.905631226429024938e-01
1.008308104131195426e+00
8.050108829266504618e-01
9.629786766484088600e-01
1.072853702231835404e+00
1.151841103818927792e+00
9.307333474963359610e-01
8.642437912005827005e-01
1.002227312434900819e+00
7.698192621459778451e-01
9.923284215232754946e-01
9.410115680399392390e-01
9.722444894922896985e-01
1.047978919187733560e+00
9.459656468686413744e-01
9.403341173443217071e-01
8.417844569323494897e-01
9.285970631269259146e-01
7.881959884754231593e-01
9.903151067178007638e-01
8.668761739239454478e-01
1.125219324717558811e+00
1.111556591903013036e+00
1.107275100358776410e+00
1.161215519316235456e+00
9.596120326116486243e-01
8.968080349897558090e-01
9.393563005969056690e-01
8.991716951604559194e-01
9.366791032151697838e-01
9.083034848145766782e-01
1.024339584987932206e+00
1.084841634516786391e+00
1.178674571072021005e+00
1.026094764130556003e+00
8.895691911065720658e-01
8.506281204441314969e-01
8.867130749344430685e-01
9.641232697720085731e-01
9.519323536898033344e-01
9.582200914077844134e-01
1.080762642805706886e+00
1.050065541410636127e+00
1.116072822071195514e+00
1.084699294603297837e+00
7.529079593051071218e-01
9.897777466461076257e-01
9.817944019852717918e-01
