2.333285679751217340e-02
2.504959278290960073e-02
3.462400661705685584e-02
3.210631784338421196e-02
2.840505559313457468e-02
2.331588520220041066e-02
2.594119033262767132e-02
2.342340095124778587e-02
2.625933652802433030e-02
2.312359393290844625e-02
2.053503230771222890e-02
2.060371762491075218e-02
1.983429488642619865e-02
2.226522522584329505e-02
2.322599009897995115e-02
2.413645916887657492e-02
2.300447419290156670e-02
2.035688276387000867e-02
1.275273883518265317e-01
7.483120966389368578e-02
1.428515589938663677e-01
1.507585359832064598e-01
2.000805200439913778e-01
2.820349729161630847e-01
2.262415583494405968e-01
1.676579206109536369e-01
1.474967481709830441e-01
2.601665246869259152e-01
1.211903124494509154e-01
3.193603037384164511e-01
1.490809324257597324e-01
1.320518885265473952e-01
1.179851524664550372e-01
1.408560642383331896e-01
2.062161331455458768e-01
9.400408383920057231e-02
2.406167877737498961e-01
1.425841292786013126e-01
1.186063413153974622e-01
7.218183792571285229e-02
1.037449255729340492e-01
7.809250754131491501e-02
1.843428996059661984e-01
1.104994245645334883e-01
1.993347139957492298e-01
1.068972874897819031e-01
1.478947433097371200e-01
1.406618415931575883e-01
1.036090129859049830e-01
3.513695625450550253e-01
2.679803563346548345e-01
2.399425810232024836e-01
1.594139502746855230e-01
1.676885058794282124e-01
1.687170922910680160e-01
1.608616314733226638e-01
1.385243041071561043e-01
1.616222613394067142e-01
2.154161368213031447e-01
2.068639811729526545e-01
1.808435360352357024e-01
2.723051222695199169e-01
1.932578846964636832e-01
1.925278158879085988e-01
1.814981013615633576e-01
1.988127869849172225e-01
1.962366724748534352e-01
2.033784814497806570e-01
2.429701155975970139e-01
2.748223993816696353e-01
2.679709664331644259e-01
2.163346659101096636e-01
1.247016151950251228e-01
1.421911075886994058e-01
1.718582829029483006e-01
2.135797238551128407e-01
2.178608353175773005e-01
4.042119440792219520e-01
1.433229991422010074e-01
2.160524715891501413e-01
2.196895059959072249e-01
1.336293000200581282e-01
2.120775537473711392e-01
1.822116498522337591e-01
1.932555489466026011e-01
2.229911332641892341e-01
1.697464136432887405e-01
1.472366665945714914e-01
2.535219500159862638e-01
2.070389592555172409e-01
2.521987337943526475e-01
1.159702733363672106e-01
2.118120673606329607e-01
1.844616653893765001e-01
1.910414248173397389e-01
2.191482501944446160e-01
2.084617131358950659e-01
2.823976243571837963e-01
2.475043008421721202e-01
2.480217271375144417e-01
2.059362226422499220e-01
2.181927517112841053e-01
1.559143052280057562e-01
2.191057991467187105e-01
1.538804502291700738e-01
3.068588379772808628e-01
3.244911270660861269e-01
3.229257791912693021e-01
2.752914961008248729e-01
3.274441069751026223e-01
2.042059701017083506e-01
2.231915500883992209e-01
1.678426925246349899e-01
1.801465575178071710e-01
2.539086652495259888e-01
1.418908177277265203e-01
1.189839580968083121e-01
1.353085153610646407e-01
1.660373919064935255e-01
2.576179559773386640e-01
2.082185190384564510e-01
2.037933252591612732e-01
1.768855678594971337e-01
1.800888440245710376e-01
2.815995006393195998e-01
3.046982358312786965e-01
2.021136985372531114e-01
1.539350904972686673e-01
3.390560197535392728e-01
1.785472604157455900e-01
2.058170961634476770e-01
1.949101868757592559e-01
1.932372647320263204e-01
1.771866023142133761e-01
2.271500795847090637e-01
1.933884739961644061e-01
1.995207994682004493e-01
1.155107882729146107e-01
2.648325616868290044e-01
1.343566428268123114e-01
1.470162077431099168e-01
1.417483510865141239e-01
