0.3178516664088282
0.33287112625325643
0.25565116381005704
0.2555837235878869
0.19456151028972601
0.2641726159231601
0.21959601858232314
0.2069830135445212
0.17465583339110863
0.2549590952770169
0.23012518449256134
0.20365672578682098
0.27050952909516535
0.20972641113846296
0.2071677137308145
0.22686020003104557
0.3120213052648356
0.1635514635307693
0.20362263311084586
0.20892616066858177
0.23803382738272472
0.17476070813130576
0.16276588643711262
0.2047301062944483
0.21631112352978243
0.1827139777705816
0.18662465936874617
0.18201965233567602
0.22370617375715507
0.2264176025255162
0.23392359228840362
0.22492105912869306
0.24543366054020876
0.23236968195490418
0.2365805825028617
0.197330549758494
0.2005029527944908
0.18778645086538825
0.17766127885090868
0.17876235263777324
0.18448921759854367
0.22498782172917622
0.18494074649573108
0.1843414987111562
0.1672206624822067
0.18947806738900225
0.20574871860225888
0.21430231738050393
0.19165977132860726
0.22035166733460287
0.2113917045114727
0.20655293405959593
0.20596592341107878
0.19643144048781197
0.18430535139101845
0.19107988002092138
0.1863332642863195
0.18475819355198614
0.18207453511737362
0.17661061264613281
0.1638361473107479
0.21271402847188425
0.1921752878599659
0.20591589139454788
0.21514680600705574
0.19448644937880052
0.20261760194871506
0.1776618534204038
0.19254264170886368
0.18654345140169223
0.18969063911686565
0.17352061471472804
0.17891342151231668
0.17760822746289154
0.20138145971360671
0.18870270559211758
0.16931690805190477
0.17362857698008688
0.15884848617916325
0.12939240312196762
0.17390975685659643
0.25038972549382804
0.18246208429388844
0.18595883283740217
0.19581453453885245
0.20838757651083895
0.21458455458848177
0.17187906895158306
0.17335739916210854
0.15240874049407993
0.17221399948177205
0.32457086198980556
0.597801258058772
0.2091879605426437
0.23404591516972806
0.1528197865349728
0.1747984394640875
0.17533258532072885
0.17080622489650263
0.15971048045661235
0.15506991265619313
0.2132731030107029
0.17194930108047296
0.15622555016412504
0.17705662340629585
0.15640300293901271
0.19175173996435024
0.1437892659269246
0.1583337391675565
0.17684597020078907
0.16495754621856104
0.19999425410523836
0.161318600147844
0.16601572037021203
0.15568770934651058
0.15260310559308776
0.19552670385274257
0.15686580110646023
0.1441848653650037
0.1628612383469365
0.16627403889798406
0.2060955323826732
0.14372903372000406
0.1884611351067047
0.1433810371507005
0.15814267774495505
0.15119399849341048
0.15052022393114195
0.16239707283437893
0.1678846110995888
0.18426431682629857
0.15319710800610567
2.212360585519048406e-01
2.127744971852317257e-01
2.081446739368819077e-01
2.150174317716141148e-01
2.139274054597451180e-01
2.600018229123448044e-01
3.047600029173618830e-01
1.990334061491757234e-01
2.195466566679046272e-01
1.949417263155497071e-01
2.213164293030041307e-01
1.554911343767914345e-01
2.231271284572562685e-01
2.138715231878850487e-01
2.351950358098437999e-01
1.803784725430569724e-01
2.058922411190909352e-01
1.935576575309741199e-01
2.191291801430979846e-01
1.907681901759814280e-01
2.065424552952849491e-01
1.945152119029757987e-01
2.101422610887327680e-01
1.877664052427752417e-01
2.078999790823467253e-01
2.119345445936866856e-01
2.163790033863204343e-01
2.126779809311988845e-01
2.059077293881729775e-01
2.151181828452446987e-01
2.200625913624856822e-01
2.106507838079856865e-01
2.285934851203769713e-01
2.158401062531981052e-01
2.257102537399898468e-01
1.962696003702109337e-01
2.077939464464771124e-01
1.907962249188155657e-01
2.225380070021950041e-01
1.863102400361423272e-01
2.221951589313154174e-01
1.794294810905583404e-01
2.380821800930404131e-01
2.073153097917907750e-01
2.119442299415469633e-01
1.967764037099428154e-01
2.150851553236718949e-01
2.035551812242505365e-01
2.160200409011858447e-01
1.977503270971514016e-01
2.076158521914155397e-01
2.013572697372326969e-01
2.173403059120009584e-01
2.224252494665983348e-01
2.165619513570274102e-01
2.195106970902846455e-01
2.118574031963393056e-01
2.212836302709855485e-01
2.249889430253395606e-01
2.227642102970808502e-01
2.522216266088583292e-01
2.059451580550682170e-01
2.255471920766149441e-01
2.000825365409089063e-01
2.287664747499043860e-01
2.037428537268691220e-01
2.129973304545944857e-01
1.912931978400413957e-01
2.297234242078635413e-01
2.115507910751856235e-01
2.385861043441497298e-01
1.970469534949601254e-01
2.258279588760012391e-01
2.047060765907732505e-01
2.544060051834245439e-01
2.025716995891840011e-01
1.973427036841555460e-01
2.042460789336179028e-01
2.172976019643661771e-01
1.990907778405332507e-01
2.095075712273198609e-01
2.059299455049979632e-01
2.128408536676935636e-01
2.199145000667251104e-01
2.042004585725127330e-01
2.162768114389358454e-01
2.026113181133057106e-01
2.283665246598115817e-01
2.027080940575318457e-01
2.468140357325293022e-01
2.690087233326793892e-01
2.297500732812264579e-01
2.437278754740118125e-01
2.103210488353771113e-01
2.334481354304867029e-01
2.130347995462281985e-01
2.402915419483343251e-01
1.918176007681008932e-01
2.162840367738848302e-01
1.960748706152706244e-01
2.190219926487923796e-01
1.856212965006758253e-01
2.150946629094719342e-01
1.951620318943470822e-01
2.091620679859582388e-01
1.941381451685373349e-01
2.095577897551413882e-01
2.018899416714649842e-01
2.034693161561241803e-01
2.087480798686729699e-01
2.241856611312939285e-01
2.230102619060030655e-01
2.133051519396845508e-01
2.200279138125333378e-01
1.985428858869171531e-01
2.323076864075869497e-01
2.108410821396962120e-01
2.286125895926734430e-01
1.855951533529115183e-01
2.548252437201031784e-01
2.374293305740914628e-01
1.895105350476826711e-01
2.111212888055151171e-01
1.864859818761553101e-01
2.180566808094406839e-01
1.935793185187047183e-01
2.223101115233906966e-01
1.737303015593555933e-01
2.122086094428129732e-01
2.058028450381974017e-01
2.091843374599281491e-01
1.724150236520750612e-01
2.100196969640917843e-01
1.907387143954368536e-01
1.995325246556771959e-01
2.024644152545951314e-01
2.023336078799719551e-01
1.989368874917606944e-01
1.944628781899507830e-01
2.014098672835769321e-01
1.911799734770973924e-01
2.080260749060904302e-01
1.798352558911659183e-01
2.148609971514495176e-01
1.830571845777501649e-01
2.084356297707607442e-01
1.817155952838958033e-01
2.091270184659841935e-01
1.755191522810591875e-01
2.128095385110876925e-01
2.333469386345156105e-01
1.852440298564962673e-01
2.212763275581318967e-01
1.823410275779560052e-01
2.163399916448877913e-01
1.862537021056386577e-01
2.246772844667678792e-01
1.939436446508049361e-01
2.188608748952836081e-01
1.988381698551454635e-01
2.111439694543314483e-01
1.974973076268356775e-01
2.092806558635782743e-01
2.258284738612815756e-01
2.218471232969303764e-01
2.323168651294530984e-01
2.232283361238366903e-01
2.234969535256761120e-01
2.194886979451859954e-01
2.343736071674455135e-01
2.071059287756158718e-01
2.409760087795559114e-01
1.954281091392545133e-01
2.227720351654276509e-01
1.845850507093575177e-01
2.115797902232936789e-01
1.726742482254199074e-01
2.023532339095550081e-01
1.758869102262699546e-01
1.984152136816611789e-01
2.421008102383968297e-01
1.691876410518566298e-01
1.965549737917899609e-01
1.632738295569264864e-01
2.048946237332349429e-01
1.892396414618195133e-01
1.904971925653883846e-01
1.894274708296001530e-01
1.944831139683893262e-01
1.962848045293200117e-01
1.972750202215806103e-01
2.060538608334673838e-01
2.042766981571687013e-01
2.122363165780201122e-01
2.085964536399054214e-01
2.132672206363631084e-01
1.979434576370905086e-01
2.212871063451202769e-01
1.874666281220273567e-01
2.179563370055893345e-01
