5.691693820026393763e-02
5.915106132459416188e-02
4.377019637638313032e-02
4.539936682770074478e-02
2.865270571193699253e-02
8.104632537076733589e-02
2.887505014147415117e-02
4.327185196248262145e-02
2.318528227216785920e-02
3.804179865174893427e-02
4.433503966694163356e-02
4.981037287894796162e-02
1.161736410825800203e-01
5.304268699699741380e-02
5.270034078162848246e-02
6.744750959376841215e-02
6.297146537988239888e-03
1.355877728732506407e-02
5.011142191366659004e-02
4.706363820464561087e-02
9.888016983090326673e-02
3.134924744899003635e-02
1.636735439164915817e-02
4.830519342269685296e-02
4.423137793404645357e-02
2.703648739781398802e-02
2.395560599343391980e-02
3.029586295483978689e-02
3.868955148665695343e-02
4.403188410196603314e-02
5.142445306628437574e-02
4.283074183138116386e-02
5.179292369342761160e-02
4.683955292542028165e-02
5.066357550986785863e-02
3.816646537206312001e-02
4.083942627774681672e-02
4.244599042770864916e-02
3.671341954135674129e-02
4.267374021127562367e-02
3.482379892258702370e-02
7.025694048672027903e-02
3.855360438246140803e-02
4.297821779891444066e-02
2.935807331481542215e-02
3.594205155052638406e-02
5.399408458458739707e-02
7.154855827082871877e-02
4.199280867939950146e-02
5.312574637694739144e-02
4.597089071349653999e-02
4.650487247754267472e-02
4.951628151799027100e-02
3.678091285596665760e-02
3.606037689740846514e-02
5.066661243636050999e-02
5.102831446863081988e-02
4.965829748438554958e-02
4.116218622802787774e-02
3.798195672891267055e-02
4.188152194098574560e-02
5.443522812378408238e-02
3.834751915330470579e-02
4.434739176856307419e-02
5.920033194077645861e-02
4.508211669175891251e-02
6.300011223055249077e-02
3.224491635906938380e-02
5.279445605876242897e-02
3.887696927081431969e-02
5.382092290778613120e-02
4.666912310915995871e-02
3.277661811409936232e-02
4.293613521696872798e-02
5.173104171045122407e-02
5.454256551598433284e-02
3.604246469110920087e-02
4.174259203248640443e-02
2.923456719618331909e-02
2.338153255038032466e-02
3.316560115429047911e-02
7.711321126591433317e-02
3.382540273527232660e-02
3.751743310109663387e-02
3.096441808796042763e-02
4.004126189660948271e-02
6.391149112367640328e-02
2.687001588443381495e-02
3.089308747309485459e-02
2.098704714619476289e-02
3.170363472276042927e-02
2.301428739024629078e-01
2.817706143543282082e-01
8.476431237400600116e-02
1.216878714223676300e-01
6.577776944089334943e-02
6.962137587065748978e-02
9.121381094748830243e-02
8.420040533982835196e-02
8.153790534137293766e-02
7.434610231479196751e-02
8.219123154095818451e-02
9.437028173767621209e-02
7.192638025256206658e-02
7.066385095145893969e-02
6.726869402506149842e-02
8.075600924083982390e-02
6.588189934631574762e-02
6.896051621338400439e-02
8.006395648385107588e-02
7.755607364977705476e-02
1.128571595348806245e-01
7.693714117628175364e-02
7.419413887934395158e-02
6.335221704287707922e-02
7.182100852029921212e-02
8.321459762625686707e-02
8.692793637709685106e-02
6.577429598801068367e-02
8.665029923052376681e-02
8.286777809767820191e-02
1.003025368140981755e-01
5.780306767468922080e-02
7.763763568514296665e-02
5.126637061889393471e-02
6.940600328501969618e-02
5.844547148995323654e-02
6.725164402302671873e-02
6.018357509550451012e-02
9.140232558879725355e-02
9.036648630462403020e-02
7.463068046248494403e-02
0.06679373906720948
0.06378710883306057
0.06518135157173652
0.06300551058218468
0.06262991002938882
0.10302982599936256
0.08256961379687047
0.0629417162755401
0.06914339180339367
0.06022053600578494
0.06523627613449533
0.07992894707979416
0.0697570219629404
0.10346668947412702
0.09551892514386964
0.06742382501698538
0.06536088709594771
0.06053605527031272
0.06414492345078118
0.06094183463391887
0.06741759569637519
0.061923584579187535
0.06766957761807307
0.0701347382635591
0.0665711985410408
0.0659135559025586
0.06497307425254996
0.06641096397755863
0.06695926856635485
0.0690441463214262
0.06347219540946453
0.06751444765861025
0.07326290570034923
0.06564226694733194
0.07026565644180313
0.06315966694602686
0.07342056394443926
0.06691210402260786
0.0715967080126221
0.06300398854641087
0.06591127261336988
0.07466836333346505
0.07551747740526266
0.06510853125562771
0.06877089996227612
0.06854477297339157
0.06612977039794968
0.06256733368522488
0.06885273686496611
0.06498198015575926
0.06358918251647308
0.06949851091356259
0.06320023114121691
0.07703302738567976
0.07538910999928733
0.07397889998744818
0.06610387121612413
0.07622471000719126
0.06893672017915972
0.0741258521697696
0.06963049518391591
0.06726361302391923
0.066361007345831
0.06294985110950278
0.06741525825352122
0.07136774792594358
0.07187696230652443
0.06251206491769959
0.07088117337536712
0.06442751310611608
0.07387094759122984
0.06308137138942596
0.07014515123270113
0.06614209348643238
0.1944544903182746
0.06932219445374421
0.07306344541713308
0.07313285473626152
0.07006719344468251
0.07470576882440702
0.06706306663533157
0.06575246587729358
0.06509638333999218
0.07026264137619763
0.06969662849224419
0.06789482036699925
0.06778777625759787
0.07526977494681149
0.06805738977486386
0.09020038278676357
0.07877827568171067
0.07493508234871107
0.08396360616340719
0.07300889776756544
0.0712101981463
0.07381776888320377
0.0707356900944891
0.06313259315617091
0.07322049254586407
0.06460790988045476
0.06873100052665419
0.07275161514053186
0.07015121884464075
0.06592399176179597
0.0704901253811153
0.06172851490003619
0.07143474945004347
0.06866140796449129
0.06612318593992846
0.07213944227538452
0.0855810030429813
0.06992208598947497
0.07076708900862069
0.07759123097857942
0.06965236557338692
0.08861041431622284
0.07248867552669654
0.07819496330344308
0.06437373239510363
0.22659396833047407
0.07101960288001023
0.06504083960802037
0.07340211868884253
0.06255194744669293
0.07405396804283843
0.06902664689905023
0.07162809138092796
0.07558074759733051
0.07631905472460848
0.0668431139863176
0.07757543075250109
0.08398537240123709
0.06642421927347547
0.07680560339526306
0.06747782276605094
0.06608145925414563
0.06176455025990351
0.06784651026061586
0.06323281549613734
0.06459688060241017
0.06879816297123484
0.07052468193655294
0.06307583838550201
0.06855151788275972
0.06290511685770538
0.07286366970656934
0.0642628063754469
0.06885056211723418
0.06550788821033221
0.06960764279569577
0.07719275384758309
0.06999143829176407
0.08403673364543957
0.0684517673802328
0.07469067945372965
0.0697315336503236
0.07140731544382764
0.07381146437512481
0.07212938273109962
0.06963223172127556
0.07018082874786999
0.07447883514614909
0.06645376429021321
0.07109950882425194
0.06957932592506999
0.0825449552268861
0.07662373728618276
0.07862262938220879
0.0781261827189964
0.07990876356615847
0.07516545086176868
0.09508195753701221
0.07277807449063092
0.07692564944145575
0.0652282182651629
0.08286396213653707
0.0649629627618479
0.06874170451587445
0.0614085469616715
0.07002662299006573
0.10763484141016195
0.06372410716902364
0.07215249054654926
0.06147553138063916
0.08473105679760362
0.06342711544284146
0.06469678683440006
0.06381745800995431
0.07568045423653695
0.0711923306100689
0.06971615695745101
0.07538726435821341
0.08125348711579733
0.07860515736850263
0.07994553935891949
0.08913157007175838
0.07477075688817644
0.09047567205203788
0.06807532142894332
0.0738686554162474
