1.965020046643330687e-01
1.920892044909271457e-01
3.501301208446349622e-01
1.744323787597014952e-01
1.768553155468377824e-01
1.494716268036238582e-01
1.471172548933779578e-01
1.723856675038093478e-01
1.921441658188480228e-01
2.173304149136665031e-01
2.112382177968035735e-01
1.903277219188265201e-01
1.825627432509003001e-01
1.764670949553013013e-01
1.792685007087934101e-01
1.953107871941572593e-01
2.231981824204603559e-01
2.080020991391092755e-01
2.157208901690326475e-01
2.062255865185314563e-01
1.804896790112020810e-01
1.914292717246785513e-01
2.025305688073612276e-01
2.032866664942600821e-01
2.128914759945846891e-01
2.152316429635401929e-01
2.221709074207470769e-01
2.217154713986566605e-01
2.016444854540747622e-01
1.917080834059797234e-01
1.967459044250110256e-01
2.106421431511664166e-01
2.308451508039129352e-01
2.186649437638871485e-01
2.243843743595438089e-01
2.208895876701610916e-01
1.938314127320293345e-01
2.062079093891560355e-01
1.922020263892300351e-01
2.053163230616327772e-01
2.355407808156937122e-01
2.254764967668308473e-01
2.343713521745057482e-01
2.232653209496613944e-01
2.166893441255970110e-01
2.851562326129233327e-01
2.592616211766551881e-01
2.810814487086781832e-01
2.714936215736979963e-01
2.969450218869633118e-01
3.394340621904310407e-01
2.557415226204263203e-01
3.165837748106520300e-01
3.608407214099720317e-01
3.837297953721311994e-01
2.228681919784161469e-01
2.553569989943554885e-01
5.707971673390808132e-01
4.730657680072095084e-01
6.303866164074396483e-01
2.750879233340238761e-01
3.303313205309122980e-01
3.060097515681948210e-01
2.410611120556338249e-01
2.767971781979672863e-01
3.136578324491705039e-01
5.092448257409982748e-01
1.868690990311981381e-01
1.957655002960121404e-01
1.812140669080372912e-01
2.114063306392286457e-01
2.515915947215343063e-01
2.660984209508382436e-01
2.760059482399407349e-01
2.656949087687424105e-01
3.054472132445198440e-01
3.181905195395903219e-01
3.546257591338187742e-01
4.211853999834723750e-01
2.231386551971698828e-01
2.507432345371253257e-01
2.395488213465325755e-01
2.512612917456455985e-01
2.742839645338272514e-01
3.346252204577169209e-01
4.385626562083970170e-01
3.384832976530444681e-01
9.540222323925174885e-01
1.059456936160922735e+00
2.707177751575515767e-01
1.547976502567056101e-01
1.438807913955097439e-01
1.419184550150544288e-01
2.041609883755144128e-01
3.060696969457442629e-01
1.751132096118620807e-01
1.628897742403114246e-01
1.260359223543381091e-01
1.163020734444258353e-01
1.290067225207781609e-01
1.303644825609866498e-01
1.668757455064349693e-01
1.389402969782140840e-01
1.389223195072768202e-01
1.180731585576714204e-01
1.069666979889325187e-01
1.065236432903440139e-01
1.199630312358918177e-01
1.451404119974987195e-01
1.569481610281940609e-01
1.564486858028684146e-01
1.233082901513434526e-01
1.141288903797687271e-01
1.172026040980747585e-01
