3.021310226199737381e-02
3.041415384528182303e-02
1.219555921152122302e-01
2.293363012151278246e-02
5.685609852734106046e-02
1.783566662289336885e-02
1.927849470981679927e-02
2.827332826677617442e-02
3.145980942178662476e-02
5.182305643977641596e-02
4.780458811989516527e-02
3.908553916119954230e-02
2.967114294946754730e-02
2.423280130299678217e-02
3.027263358255423420e-02
2.985442377510003076e-02
4.054177914030741153e-02
3.042991231939701571e-02
3.622976718185556833e-02
2.503986165477654208e-02
2.138241782997496107e-02
2.433502846046899440e-02
2.729274993259996410e-02
2.312133840357387046e-02
3.243996050360577199e-02
2.939133033535062250e-02
3.182802800652589220e-02
2.738415471516533750e-02
2.897471297954170785e-02
2.334446669427493043e-02
2.252666085963011752e-02
2.717371926259800827e-02
3.883693010002275958e-02
2.983270566635982599e-02
3.432343628914504008e-02
4.000811919038524400e-02
3.055706426431637271e-02
3.508556750076033404e-02
2.871353113614990779e-02
3.145789374513736913e-02
4.903888045342863489e-02
3.585754545023377843e-02
3.552432000989331345e-02
2.433934560163450792e-02
3.723042180468265350e-02
4.573280287551909767e-02
3.173066657572759519e-02
6.327797320633912759e-02
8.060600608900317376e-02
7.634328591007781550e-02
1.208782389603946517e-01
8.185799940470536717e-02
9.300645127747016183e-02
9.308123279122997029e-02
1.093055516948222977e-01
4.495281494168060221e-02
6.808810112130843362e-02
2.143010191760394978e-01
2.150261865782538973e-01
1.669176446475058306e-01
5.663194658683168292e-02
1.084036721036550910e-01
5.989400670955134093e-02
5.740110423896827019e-02
6.933223387498825552e-02
6.186333029972352487e-02
1.918371384696364312e-01
3.555561389384043203e-02
3.313350232001601586e-02
3.164275247393221607e-02
4.436076378477307042e-02
5.015193598354845961e-02
5.673208439814030057e-02
5.732807291328922278e-02
6.362768145377908913e-02
9.008613846418195292e-02
8.802687974056130904e-02
1.007976608411771530e-01
1.426918442362237471e-01
2.979949525879263886e-02
5.002125461980752585e-02
4.401336055069887676e-02
6.105911977516192274e-02
7.517610027024479447e-02
1.315154431611192942e-01
1.793620194155832182e-01
1.990584393126834661e-01
8.785779697607033756e-02
3.405251515496893200e-02
1.943661328911642366e-02
2.013769178024997844e-02
4.141602437829473848e-02
1.071974990895478985e-01
4.684873485279199973e-02
3.774503077227729653e-02
1.634935579052450641e-02
1.901018102862699066e-02
2.637844754908949194e-02
2.624717625596796958e-02
2.670307668119526606e-02
3.403305970229547617e-02
3.983759180933121175e-02
1.898799693928923671e-02
1.548740641568140640e-02
1.637007126057504064e-02
1.773681271690114025e-02
3.628625389125674644e-02
4.490275819298379656e-02
3.822600372564010501e-02
2.002296668146191089e-02
1.925237693489791416e-02
1.935920890921111540e-02
