1.371719858487236432e-01
1.353036832971529213e-01
1.551196424228663273e-01
1.556299081489490588e-01
1.461445667012135907e-01
1.208220484840244330e-01
1.238699583484024341e-01
1.325624219992226349e-01
1.341801148940284238e-01
1.505948267504421401e-01
1.645969952692518112e-01
1.690543414682596224e-01
1.678950917696888923e-01
1.408326157583071059e-01
1.381661141674603854e-01
1.608726927705030618e-01
5.823415331098640291e-01
1.052141192864241015e+00
1.090796006679066954e+00
9.666169826234051188e-01
1.102093632424091307e+00
1.132250718519833166e+00
1.127434282571230684e+00
1.119399835357058670e+00
9.911659577695198786e-01
9.816605487725472701e-01
9.729176320045962445e-01
1.022864869097605878e+00
9.427610469574653207e-01
1.073795560752915712e+00
1.123343770826960908e+00
1.159644500059772154e+00
1.170440362338022733e-01
1.275495865683922148e-01
1.437860192871583120e-01
1.338082405452387935e-01
1.211766407265041229e-01
1.193227417804825219e-01
1.283564698844486263e-01
1.214151914731354531e-01
1.183168744007589146e-01
1.458633321016879758e-01
1.541049545676693167e-01
1.441237203956811930e-01
1.647631161217600892e-01
1.315115053530644118e-01
1.387744839316426559e-01
1.283611396752593337e-01
1.465563068270131497e-01
1.500483092130243667e-01
1.597104986044668995e-01
1.657919556513776649e-01
1.686238396396615158e-01
1.439131029203250534e-01
1.425942181520216678e-01
1.550814191291469690e-01
1.533061978090365929e-01
1.709209721789557990e-01
1.899845368586512151e-01
1.829886460396390191e-01
1.836724350145937656e-01
1.612160889079528037e-01
1.620892920186945418e-01
1.662159324509501213e-01
1.831857152349957996e-01
1.879265237265958788e-01
1.912628133778001560e-01
2.154263170445951947e-01
2.182108032207712711e-01
2.417741569622609554e-01
4.401534069609178146e-01
6.021379847456822532e-01
7.315532454783868488e-01
8.259042122479046677e-01
1.027081491807927405e+00
1.078264680545731657e+00
1.021648115949084890e+00
9.253431291071887443e-01
9.333758379028969099e-01
1.010951976152239196e+00
1.056453384949371355e+00
1.184058054876212518e+00
1.094080225089012925e+00
1.024683756180257310e+00
1.003160463871803243e+00
9.916006370807298742e-01
1.008655324308913581e+00
1.020376519547762761e+00
1.146199140866353439e+00
1.148461134965805375e+00
1.129583843191991344e+00
1.221619579406890033e+00
1.026597469181645517e+00
1.145832607689183824e+00
1.205196146053575834e+00
1.051844793729254324e+00
1.137138501267315416e+00
1.079691077089019347e+00
1.169366247667597225e+00
1.125468198345443760e+00
9.997484278278002678e-01
1.013188710318736252e+00
9.895332635063252003e-01
1.004732588155028861e+00
1.110711358717397124e+00
1.064719877247981783e+00
1.049725868964554332e+00
1.118002170200031120e+00
1.004797349758513869e+00
9.274878646788116132e-01
9.899065683962847695e-01
1.017174663799592871e+00
1.092160235926303624e+00
1.005338889212159081e+00
9.678189319526726564e-01
8.392805192973969985e-01
7.538370395415447955e-01
6.343853346306418395e-01
5.364676528317973148e-01
4.854732420593944608e-01
4.159817501816606145e-01
2.659056649010840823e-01
3.723647007038141665e-01
1.320998947987436778e-01
1.250433484673041107e-01
1.025262383855484183e-01
1.428788242362754313e-01
1.281977547065932255e-01
1.433598063025957048e-01
1.744861425718595704e-01
5.024168212958755042e-01
1.332851637680934342e-01
3.084055141252991517e-01
1.287257641768303207e-01
2.738299352574578016e-01
5.141103711688796984e-01
7.577145189298237771e-01
3.243884610149930792e-01
2.840611951317500994e-01
4.737478044142427458e-01
1.774305198604551326e-01
1.481552469714581821e-01
3.283413325679945816e-01
2.326251751032517301e-01
1.454398956204036863e-01
1.298616300596882878e-01
1.501191502325407434e-01
1.133130655094120587e-01
1.397317418066712780e-01
1.448893061378306313e-01
1.823072786343824803e-01
1.823750187327477790e-01
1.411748255832038501e-01
1.398233393420852955e-01
1.263042367515551101e-01
1.255888183031342309e-01
1.352655860284535660e-01
1.573675018824016447e-01
1.869078968837471211e-01
1.407815474645284226e-01
1.502038504662668583e-01
1.433238446004537481e-01
3.844692962464147379e-01
3.537288458258519008e-01
3.804420369357457421e-01
5.587187120292328446e-01
2.062976817539988739e-01
3.143105045644088991e-01
1.022894250568699981e+00
8.469055084528053223e-01
2.323139932624128934e-01
5.789572633044174355e-01
1.909768515985892923e-01
1.683491448013002545e-01
2.876477770226217312e-01
7.915852946267237789e-01
4.018056316254250970e-01
5.060960403051976142e-01
3.002690501482690455e-01
1.921699353254416320e-01
7.243056601562591901e-01
6.362559175168556180e-01
9.057535367469845555e-01
8.212434976188329738e-01
6.928310807002012739e-01
9.254275610099209626e-01
8.331137389667471194e-01
8.404821815064633661e-01
7.800425606657417354e-01
1.052594381215773200e+00
1.057533978938222097e+00
9.793473279490106931e-01
4.661170294675600623e-01
3.464445096693968273e-01
1.930247059603765192e-01
1.397141198930096362e-01
1.537910760683475764e-01
1.345095747988144796e-01
1.361027043565764816e-01
1.113017825525751958e-01
1.093175997135613642e-01
1.032971284830461883e-01
1.105673970159423425e-01
1.352916419532094738e-01
1.213500514268053415e-01
1.205379328934854805e-01
1.285998963860563726e-01
1.031407460248120744e-01
9.381189162778427737e-02
9.926371148178420034e-02
1.066784291659124695e-01
9.542136301233310192e-02
1.106362530546517869e-01
1.140927264155168624e-01
1.107358092034252534e-01
9.936309831008867388e-02
9.311291180381735255e-02
9.094788638814289838e-02
9.372452140114981289e-02
1.063705232842337284e-01
1.052217191744398428e-01
1.131314257147212621e-01
1.067313324667966135e-01
9.899128120708342027e-02
9.624187614408144520e-02
1.068397825996543343e-01
9.132400793454428789e-02
1.004783786844623134e-01
1.096866743548854106e-01
1.131238849641927613e-01
1.035463944468596881e-01
1.116341083462720346e-01
9.805008200030752852e-02
1.078032506547778185e-01
1.000753482057539917e-01
1.117090826183497615e-01
1.112749905888135438e-01
2.317957734489999866e-01
4.648271169407138248e-01
4.529725150691054081e-01
4.362677860666721030e-01
5.055370102849929825e-01
5.792918079825737365e-01
3.316674397192612700e-01
3.665912305058678933e-01
3.434963173711353401e-01
2.612166936073376244e-01
6.515473706899056472e-01
5.070966265088719949e-01
4.635845532472536168e-01
3.267437765835205510e-01
7.040565779481025022e-01
8.847630786786745416e-01
9.998036396130226544e-01
1.106163938434840954e+00
1.054033922971611581e+00
1.011517754932383717e+00
9.788455969686015168e-01
6.869385176968487716e-01
6.833318233014529230e-01
8.154026741476911866e-01
4.257989961341948626e-01
4.813497653320184533e-01
4.425231790125992437e-01
2.705170908740447411e-01
4.879995937024407260e-01
7.851248086128533865e-01
5.451576179006321077e-01
6.595704593001863181e-01
7.335264647552572903e-01
4.791442082275391146e-01
3.231993224583011304e-01
2.553573198610373796e-01
1.971936669649407003e-01
1.617900151477280335e-01
4.873698607762352863e-01
5.184476878912470665e-01
2.497702518586287779e-01
6.009367549281472431e-01
5.130277108477219183e-01
