2.752890535679800021e-02
2.774195293492593903e-02
3.755803303281249339e-02
3.726752741775780919e-02
3.929228102468398237e-02
2.106374674646791997e-02
2.297026151714468001e-02
2.146428147392927255e-02
2.160823694633545733e-02
2.843509325009132074e-02
3.300558599606466526e-02
3.757641033939753544e-02
2.952168494072232238e-02
1.668716665846684682e-02
1.625677156756909214e-02
2.187960987028038720e-02
1.682320427816213770e-01
9.534346529347012544e-02
1.598657845795465882e-01
8.073467866617475841e-02
1.362749164700216287e-01
1.663247708771518063e-01
8.433878792656326895e-02
2.138171706419087492e-01
6.966897563510347779e-02
6.233238581938770756e-02
6.902329041875318594e-02
6.996123732094750025e-02
1.855715270436134323e-01
9.378885414449054936e-02
1.278361943508767307e-01
1.560999071838054530e-01
3.147688450447062164e-02
4.638682613900629859e-02
2.289590888204979732e-02
1.877952449261370213e-02
1.462988430809316308e-02
1.776000433615460006e-02
1.994793895228214736e-02
1.703739671184613391e-02
1.484284307807937422e-02
2.547443689068592046e-02
2.818718242123028836e-02
1.956190655822731550e-02
3.659619879694608890e-02
1.473325113409944612e-02
1.717142469097841101e-02
1.459152751863150230e-02
2.072465130048132056e-02
2.460029285511272645e-02
2.602117790906567640e-02
2.698599045244578012e-02
2.315151326583073446e-02
1.968783109848535814e-02
1.768966462739086920e-02
1.668879208501596392e-02
1.791668001970969648e-02
2.328459863974608954e-02
2.356876359801019991e-02
2.275909577744371706e-02
2.282993217767172178e-02
1.686907286606484022e-02
1.335515144390834151e-02
1.533427714191108737e-02
1.957443496549464423e-02
2.030301190124668767e-02
1.957763997893928812e-02
3.592011214336274932e-02
3.343385263071275287e-02
6.537840040589106005e-02
2.070216870007889620e-01
1.973372427450678090e-01
3.153194717259646951e-01
2.091087227773298363e-01
2.059588740802141826e-01
1.727898587664000729e-01
9.148598828320268772e-02
1.336325236017726348e-01
1.449306321653693885e-01
1.440876756746924947e-01
7.794590293959868799e-02
1.094590704195743669e-01
1.746071386531809766e-01
4.188415519061549630e-01
1.262448416693891518e-01
1.260136340420634771e-01
1.388712525465792824e-01
7.706660098411523274e-02
1.349248796987744248e-01
1.306123640496622551e-01
1.354861951266497777e-01
1.482530908574952178e-01
1.226134740570547499e-01
1.502969309621682292e-01
1.098413107306862174e-01
8.505058904127806019e-02
1.509306358103703061e-01
1.804432620912430618e-01
1.579746333041977813e-01
1.204010914678704663e-01
1.050255458988590823e-01
8.754753594016313756e-02
1.089913675393913151e-01
1.693769168386536350e-01
9.848966278108634009e-02
9.426784452859192365e-02
9.420336825844924378e-02
1.070559861258699869e-01
9.770366281854232782e-02
1.243905958096162001e-01
8.325105867246457292e-02
1.810636919929284050e-01
1.786424510540876864e-01
2.952450198211380994e-01
3.716237897749875563e-01
4.247762692340727453e-01
4.018168381066506978e-01
3.953486849575876261e-01
4.073593026164024078e-01
4.722911217079173718e-01
4.609091053486188971e-01
2.632103824981176787e-01
4.362513259018197531e-01
5.021245842655801955e-02
3.113986614602943723e-02
2.023969076928054320e-02
9.898715211103641110e-02
2.114759580449658213e-02
5.746912507517899782e-02
6.793551704685367454e-02
2.789080755278633417e-01
3.507354038416453379e-02
2.793703574271887979e-01
4.428128285928522451e-02
1.497735084761104563e-01
1.906983436456525238e-01
2.102241441835610847e-01
3.894454948962129404e-01
2.792313316826748881e-01
3.632483307641051762e-01
8.717703835003146051e-02
5.553945413305252932e-02
2.134118376182944921e-01
1.789927325612094555e-01
3.495766586583346630e-02
3.623719947118947404e-02
1.045396636073754049e-01
2.772158341312002880e-02
5.253112401392774633e-02
4.027643477330921512e-02
8.459370104602878526e-02
9.254713908783575305e-02
3.223807937818935071e-02
4.334655300494741348e-02
2.310811339657680916e-02
2.540151382636559457e-02
3.333394162710665715e-02
3.954250673456654458e-02
8.609751710775070954e-02
3.004572767446186260e-02
3.296625823415787193e-02
4.928684268290729753e-02
1.494027873092546588e-01
1.086767906098796699e-01
2.158742761275943833e-01
2.077038292470450576e-01
7.249417033634752983e-02
1.746232070459609043e-01
1.112017966364132054e-01
2.086885277879253209e-01
1.577401327218589666e-01
2.629780058343112459e-01
1.311731507864276336e-01
4.248251156021612407e-02
2.200156806928490749e-01
2.036534450545754438e-01
2.730980609379419777e-01
3.132282461107581129e-01
2.029933252495965401e-01
1.221583106251913908e-01
1.741834590977930364e-01
2.537442812952848126e-01
1.403966451533656956e-01
1.359215738999418333e-01
2.268821167525048033e-01
1.405832558492895179e-01
1.465609826758921541e-01
1.543951912668480864e-01
2.486635018509426032e-01
1.151297583370081146e-01
8.867090315473069584e-02
9.486920742280803565e-02
2.491097055463068755e-01
3.235800640261444761e-01
1.542060842905641771e-01
3.609306476924440538e-02
4.838256221041289246e-02
6.101876553280131260e-02
2.337939308530366522e-02
2.101731201387731576e-02
2.126689693070352161e-02
1.451381068441234476e-02
1.751588875707552756e-02
2.959684893294048727e-02
1.593464321073871995e-02
2.339833647735276370e-02
2.190266831189012844e-02
1.611735215830301104e-02
1.343543033932887397e-02
1.534805409678675729e-02
5.054262984081240445e-02
1.526728254592189804e-02
1.865079478885475761e-02
1.588956768186734758e-02
1.765766685582287679e-02
1.686385524551910903e-02
1.463983505880705679e-02
1.251182011703874143e-02
1.322423651015567150e-02
1.959632437920669212e-02
1.983804984982322911e-02
2.240457484952827760e-02
1.744789799400729355e-02
1.780571663618810488e-02
1.400650583795894424e-02
1.821672560419557510e-02
8.785641708632064770e-03
1.399153497254315703e-02
1.663184316573336832e-02
1.647724341009496399e-02
1.277450135306192579e-02
1.528827280127991600e-02
1.107082133282814677e-02
2.054232643180751300e-02
1.337636325712272811e-02
8.449400707842056810e-03
1.243946418133015999e-02
8.123655806754399855e-02
2.841897776414231691e-01
3.117188305752157107e-01
2.755310370249768326e-01
8.423445332009503461e-02
1.509278975226302499e-01
2.405882310291508897e-01
2.172845293027301505e-01
2.767773959398086014e-01
1.474909724005809830e-01
1.943831153097463627e-01
3.185010637838816550e-01
3.294144915491908354e-01
2.480398746322876324e-01
1.379426737481969090e-01
1.243170713022617307e-01
1.224010554766703923e-01
1.384596875067034827e-01
2.645849017142026804e-01
3.264859425266606330e-01
9.704937938186465607e-02
2.227297117539037419e-01
1.999122018811257950e-01
1.662357282250123414e-01
2.131737404920981682e-01
2.707534050628331856e-01
3.786197277863387334e-01
1.782203545127798161e-01
3.619694214000787058e-01
1.897344330556870740e-01
2.510613033247591774e-01
1.737470714985165643e-01
2.858375452591553345e-01
1.861736274368698540e-01
1.539031215481131143e-01
1.061241974115002540e-01
8.677255232935890406e-02
5.459971683292702549e-02
3.840909402574858023e-01
3.919948423415359762e-01
1.354905087076289094e-01
3.563792311952523328e-01
3.486951395814014698e-01
